_C_1dfb_59e46e46_4 8c 0 c0 0 0 70617373 0 696f6e20 0 69636174 0 65726966 0 676e2076 0 64657369 
_C_1dfb_59e46e46_8 8c 0 d8 0 0 74657374 0 656e7420 0 70657263 0 20256420 0 6e697368 0 65206669 0 686176 
_C_1dfb_59e46e46_2 8c 0 90 0 0 74696f6e 0 66696361 0 76657269 0 61727420 0 5374 
_C_1dfb_59e46e46_a c4 0 20 0 0 0 
_C_1dfb_59e46e46_6 8c 0 100 0 0 3d202564 0 6f706220 0 64202c20 0 203d2025 0 206f7061 0 2069733a 0 61746f72 0 6f706572 
_C_210d_59e46f2d_2 8c 0 78 0 0 696c6564 0 73206661 0 63617365 0 256420 
_C_1dfb_59e46e46_5 8c 0 a0 0 0 696c6564 0 6e206661 0 6174696f 0 6f6d697a 0 52616e64 
_C_1dfb_59e46e46_3 8c 0 c0 0 0 6661696c 0 696f6e20 0 69636174 0 65726966 0 676e2076 0 64657369 
_C_210d_59e46f2d_1 8c 0 68 0 0 70617373 0 73657320 0 64206361 0 25 
_C_1dfb_59e46e46_1 8c 0 130 0 0 74696f6e 0 66696361 0 76657269 0 696f6e20 0 756e6374 0 676e2066 0 64657369 0 77657220 0 7720706f 0 6c6f 
_C_1dfb_59e46e46_9 84 0 20 0 0 0 
_C_1dfb_59e46e46_7 8c 0 1d8 0 0 3d202564 0 756c7420 0 64726573 0 2c206763 0 20256420 0 6c74203d 0 72657375 0 73696e67 0 3a206465 0 7175616c 0 6f742065 0 6973206e 0 756c7420 0 20726573 0 74776f 
